,382360
,371588
,360308
,263607
,382676
,382675
,366078
,366077
,360133
,360132
,263651
,263650
,83980
,393444
,392664
,391664
,390397
,384950
,384604
,382932
,382926
,382925
,382662
,382608
,382224
,382223
,382109
,381826
,378988
,378417
,377970
,374681
,371224
,371215
,370960
,364291
,360390
,353553
,353456
,352719
,352675
,264282
,260960
,251693
,197418
,976
,973
,967
,895
,84389
,84388
,84313
,84309
,84297
,84294
,84236
,84110
,84095
,84091
,84089
,84087
,84086
,83986
,83976
,83964
,83900
,83899
,838
,83719
,837
,83628
,83627
,83625
,83519
,83516
,83494
,83462
,83458
,83453
,83452
,83435
,83431
,82
,760
,75
,6616
,6606
,6283
,619
,5805
,5438
,531
,53
,4735
,4728
,46
,4452
,4448
,4420
,4180
,398969
,398968
,398966
,396194
,395774
,395230
,393541
,393449
,393448
,393447
,393415
,393414
,393413
,393412
,393288
,393287
,393269
,393268
,393170
,393168
,392974
,392972
,392968
,392967
,392936
,392844
,392843
,392663
,392662
,392644
,392394
,392353
,392352
,392351
,392350
,392349
,392348
,392347
,392346
,391688
,391678
,391675
,391674
,391666
,391665
,391663
,391662
,391551
,391550
,391549
,391235
,391233
,391215
,391207
,390958
,390957
,390956
,390954
,390940
,390698
,390695
,390692
,390441
,390400
,390399
,390398
,390396
,390380
,390379
,390285
,390284
,390270
,390172
,390170
,390052
,390001
,390000
,389997
,385375
,385279
,385101
,384930
,384928
,384927
,384926
,384800
,384797
,384620
,384619
,384618
,384617
,384574
,384544
,384543
,384542
,384541
,384540
,384539
,384538
,382947
,382946
,382945
,382936
,382929
,382927
,382894
,382893
,382882
,3827
,382674
,382673
,382661
,382610
,382609
,382605
,382604
,382551
,382538
,382537
,382513
,382510
,382486
,382485
,382484
,382481
,382480
,382479
,382463
,382405
,382404
,382403
,382398
,382251
,382250
,382248
,382246
,382245
,382244
,382225
,382179
,382124
,382110
,382107
,382009
,382008
,382004
,381851
,381850
,381848
,381825
,381815
,381434
,381432
,381431
,381430
,381429
,379393
,379390
,379387
,379371
,379368
,379367
,379096
,379089
,378991
,378990
,378989
,378987
,378986
,378976
,378829
,378826
,378824
,378823
,378796
,378795
,378794
,378793
,378792
,378791
,378782
,378781
,378780
,378769
,378751
,378661
,378536
,378491
,378420
,378151
,378138
,378137
,378135
,378133
,378129
,377972
,377971
,377960
,377958
,377957
,377955
,377706
,377705
,377704
,377703
,377702
,377701
,377700
,377699
,377599
,377598
,377595
,377594
,377593
,377590
,377587
,377538
,376
,374683
,374682
,374680
,374674
,374640
,374636
,374635
,374417
,374416
,374415
,374414
,374413
,374404
,3744
,374113
,3740
,373842
,373841
,373840
,373735
,373678
,373544
,373528
,373527
,373526
,373524
,373523
,373445
,373444
,373443
,373442
,373440
,373362
,373361
,373358
,373342
,372
,371594
,371590
,371589
,371587
,371310
,371309
,371308
,371307
,371305
,371285
,371284
,371243
,371242
,371241
,371240
,371076
,371074
,371073
,371059
,371058
,370991
,370967
,370964
,370961
,370956
,370951
,370945
,370944
,370943
,370940
,370939
,370839
,370838
,370837
,3706
,366152
,366072
,366071
,366070
,365978
,365970
,365967
,365956
,365955
,365950
,365949
,364414
,364411
,364394
,363082
,363081
,363080
,363079
,363053
,360937
,360406
,360405
,360402
,360286
,360284
,360283
,360281
,360279
,360124
,360123
,360122
,360121
,360111
,358878
,358876
,358865
,358864
,358838
,358630
,358337
,358332
,358267
,358251
,358250
,357970
,353554
,353552
,353548
,353547
,353546
,353457
,352909
,352908
,352907
,352890
,352870
,352852
,352840
,352819
,352814
,352801
,352800
,352746
,352741
,352739
,352734
,352732
,352724
,352712
,352697
,352645
,352644
,352636
,352635
,352629
,352615
,352586
,352585
,352572
,352571
,352562
,352531
,352530
,352519
,352430
,3510
,349658
,3486
,3479
,3404
,3400
,3377
,3335
,3329
,3327
,3073
,3056
,3052
,3
,2832
,2826
,2772
,2768
,2697
,267017
,267007
,264348
,264327
,264326
,264319
,264318
,264117
,264116
,264115
,264112
,263848
,263723
,263721
,263709
,263707
,263680
,261967
,261946
,261945
,261889
,261593
,261455
,261454
,261453
,260962
,260961
,260959
,260958
,260957
,260956
,260955
,260886
,260873
,260872
,2566
,256155
,256154
,256094
,256091
,2560
,252700
,252696
,252656
,252609
,252608
,251586
,251584
,251583
,2508
,249088
,249087
,248473
,246327
,237137
,237117
,237114
,236808
,236807
,236797
,236792
,227463
,227462
,227455
,227454
,227215
,227214
,227139
,227136
,227132
,227117
,227114
,227073
,227041
,227040
,227039
,226911
,226903
,226902
,226900
,226898
,226896
,226894
,226891
,226791
,226786
,226781
,226774
,226698
,226522
,226339
,226338
,226316
,226280
,226279
,226277
,226258
,226249
,226245
,223939
,220
,2035
,20127
,20122
,20118
,2004
,2001
,197845
,197837
,197764
,197748
,197747
,197702
,197674
,197673
,197672
,197552
,197540
,197537
,197534
,197533
,197530
,197529
,197425
,197415
,197412
,197405
,197333
,197332
,197155
,197064
,197063
,197062
,196977
,196970
,196953
,196946
,196917
,196916
,196915
,196897
,196892
,196890
,196224
,1931
,1928
,1915
,1910
,1857
,1856
,1775
,1769
,1760
,1700
,166858
,166
,1637
,1619
,1595
,156
,1529
,1523
,1519
,1442
,1438
,1435
,140
,1287
,1196
,1173
,10
,9983
,9977
,9971
,997
,996
,994
,9934
,993
,9927
,992
,990
,989
,986
,985
,9848
,9847
,984
,983
,9824
,9820
,982
,9819
,9818
,9816
,9815
,981
,9805
,9800
,979
,9786
,978
,9778
,9777
,9776
,977
,9768
,975
,9741
,974
,9733
,9725
,9724
,9720
,972
,971
,97
,9696
,9695
,9691
,9690
,969
,9689
,9685
,9684
,968
,9678
,9667
,9664
,966
,9659
,9656
,9653
,9650
,9646
,961
,9609
,9608
,9600
,960
,9574
,9572
,957
,9567
,9562
,954
,9533
,9531
,953
,9527
,9526
,9525
,952
,9517
,9516
,9511
,9506
,9503
,950
,9499
,949
,948
,9474
,9472
,947
,9469
,9468
,9465
,9463
,946
,9457
,9453
,9451
,9446
,9439
,9420
,942
,9416
,9414
,9400
,9396
,9395
,939
,9385
,9383
,938
,9374
,9373
,9370
,9369
,9365
,9364
,9363
,9362
,9359
,9355
,9347
,9326
,9325
,9324
,9323
,9321
,9317
,9316
,9314
,931
,9308
,9305
,9300
,930
,9295
,929
,9271
,9260
,9249
,9236
,9218
,9210
,9208
,920
,9173
,9167
,9162
,913
,9129
,9126
,910
,907
,903
,902
,9004
,90
,9
,8999
,899
,8987
,8986
,8982
,8978
,8977
,8974
,8971
,897
,8969
,8964
,8963
,8962
,8959
,8954
,8952
,8948
,8947
,8940
,8935
,8931
,8929
,8922
,8920
,8915
,8910
,8876
,8870
,8867
,8865
,8863
,8861
,8856
,8822
,8818
,8815
,8739
,8731
,8717
,8716
,8713
,8711
,8706
,870
,8699
,8697
,8693
,8688
,8681
,868
,8669
,866
,8657
,8656
,8653
,8652
,8651
,8650
,865
,8649
,8648
,8647
,8646
,8643
,8642
,8641
,8637
,8636
,8621
,862
,861
,8602
,860
,8597
,8594
,8591
,8577
,8574
,8572
,8562
,8559
,8555
,8549
,8547
,8546
,8514
,8509
,8508
,8504
,8502
,8499
,8496
,8495
,8490
,8480
,848
,8474
,847
,8465
,8459
,8457
,8456
,8454
,8452
,8449
,8448
,844
,84387
,84369
,84366
,84364
,84351
,84343
,84341
,84315
,84314
,84312
,84310
,84307
,84305
,84291
,84290
,84284
,84283
,84273
,84272
,84269
,84267
,84265
,84242
,84241
,84239
,84234
,84233
,842
,84194
,84192
,84161
,84159
,84158
,84130
,84129
,84127
,84125
,84123
,84121
,84120
,84118
,84117
,84113
,84112
,84109
,84093
,84090
,8409
,84088
,84085
,84084
,84083
,84080
,84078
,84077
,84076
,84075
,84074
,84073
,84071
,84064
,84062
,84055
,84052
,84043
,84042
,84041
,84040
,84039
,84038
,84033
,84031
,84
,83995
,83993
,83992
,83991
,83988
,83987
,83985
,83983
,83982
,83981
,83979
,83978
,83977
,83975
,83973
,83972
,83969
,83966
,83963
,83961
,83960
,8396
,83959
,83956
,83955
,83954
,83952
,83950
,83926
,83923
,83918
,83916
,83914
,83913
,83912
,83907
,83901
,83897
,83896
,83895
,83894
,83888
,83885
,83884
,83883
,83881
,83879
,83876
,83875
,83873
,83865
,83863
,83859
,83857
,83856
,83853
,83852
,83851
,83850
,83848
,83847
,83841
,83836
,83830
,83822
,83766
,83763
,83722
,83721
,83720
,83718
,83715
,83712
,83688
,83685
,83684
,8367
,8365
,8361
,83608
,83607
,8360
,836
,8356
,83558
,83549
,83548
,83547
,83545
,83537
,83532
,83517
,83515
,83514
,83513
,83511
,83507
,83501
,83500
,83492
,83490
,83486
,83485
,83480
,83478
,83459
,83454
,83451
,83448
,83445
,83440
,83426
,8319
,8311
,8308
,8306
,8302
,8300
,830
,83
,8292
,8291
,829
,828
,8271
,8258
,8256
,825
,821
,819
,8168
,8160
,8157
,8154
,8153
,8150
,815
,8149
,8148
,8147
,8140
,8134
,8122
,812
,8114
,8112
,8108
,8106
,8105
,8102
,8100
,810
,8099
,8094
,8090
,8086
,8083
,808
,8062
,806
,8057
,8052
,8023
,8019
,8018
,8017
,8014
,8012
,8011
,8010
,8009
,8005
,80
,7993
,7986
,7985
,7975
,7961
,7956
,7953
,7952
,7951
,7950
,7949
,7948
,7947
,7941
,7940
,7937
,7936
,7932
,7931
,7927
,7918
,7909
,7902
,7898
,7887
,7883
,7873
,7855
,7829
,7826
,7817
,7801
,78
,7757
,7750
,773
,771
,77
,769
,767
,766
,7636
,7632
,762
,761
,7602
,7600
,7595
,7594
,7593
,7589
,7588
,7587
,7579
,7576
,7574
,7572
,7568
,7557
,7555
,7554
,7551
,7550
,7548
,753
,7460
,7453
,7449
,744
,7395
,7377
,7372
,7371
,7369
,7368
,7367
,7366
,7364
,7363
,7362
,735
,7334
,7333
,7332
,7330
,733
,7329
,7325
,7324
,7319
,7317
,7312
,7309
,7307
,7295
,7294
,7286
,7284
,7282
,7281
,7280
,7278
,7277
,7276
,7275
,7274
,7273
,7270
,727
,7262
,7252
,725
,7240
,7239
,7238
,7235
,7233
,7230
,7228
,722
,7208
,72
,7187
,7185
,7184
,7181
,7179
,7175
,7174
,7173
,7170
,7154
,7152
,7150
,7148
,7145
,7143
,7140
,7139
,7132
,7129
,7128
,7126
,7125
,7108
,7102
,7101
,71
,7097
,7091
,7087
,7061
,7060
,7053
,7051
,7047
,7045
,7039
,7035
,7031
,7030
,7026
,7022
,7021
,7020
,7016
,7014
,7013
,7012
,7010
,7008
,7007
,7005
,7004
,6999
,6997
,6995
,6982
,6970
,6968
,6966
,6906
,6904
,6898
,6890
,6886
,6848
,6842
,6841
,6840
,6837
,6834
,6833
,6831
,6830
,6825
,6806
,6802
,6801
,6798
,6797
,6796
,6794
,6792
,6783
,6782
,6780
,6737
,6735
,6734
,6733
,6730
,6727
,6726
,6725
,6724
,6723
,6719
,6716
,6713
,6709
,67
,6678
,6669
,6667
,6663
,6657
,6652
,6651
,6649
,6641
,6638
,6635
,6630
,6628
,6621
,6614
,6601
,6595
,6591
,6589
,6586
,6557
,6501
,6500
,65
,6496
,6494
,6492
,6485
,6484
,6482
,6478
,6477
,6476
,6473
,647
,6468
,6460
,6458
,6455
,6454
,6450
,6449
,6448
,6447
,6444
,6439
,6438
,6437
,6434
,6433
,6429
,642
,6394
,6392
,6390
,6386
,6383
,6381
,6379
,6371
,635
,6335
,6333
,6322
,6316
,6305
,63
,6299
,6296
,629
,6250
,625
,6246
,6242
,6238
,6235
,6226
,6225
,6224
,6222
,6221
,6220
,6219
,6218
,6214
,6210
,6205
,62
,6193
,6189
,6186
,6185
,6184
,6181
,6176
,6169
,6162
,6159
,6155
,6150
,6145
,6142
,6135
,6134
,6109
,6106
,6105
,6102
,6101
,6099
,6097
,6095
,6094
,6092
,6090
,6085
,6082
,6069
,6064
,6050
,6047
,6044
,6043
,6041
,6040
,6039
,6036
,6035
,6032
,6028
,60
,5989
,5984
,5983
,5979
,5954
,5950
,5949
,5845
,5838
,5835
,5834
,5832
,5827
,5825
,5808
,5803
,5801
,5800
,5798
,5797
,5795
,5794
,5791
,5780
,5777
,576
,575
,574
,5736
,5732
,5731
,5730
,5729
,5727
,5726
,5725
,5721
,5718
,5710
,5708
,5707
,5705
,5704
,5702
,5701
,5700
,5695
,5672
,5666
,5664
,5662
,5658
,5646
,5643
,5638
,5626
,5622
,5615
,5609
,5501
,5493
,5471
,5470
,5469
,5466
,5465
,5464
,5458
,5457
,5452
,5448
,5432
,5428
,5427
,5424
,5422
,5421
,5404
,5391
,5389
,5387
,5385
,5383
,5369
,5368
,5366
,5363
,5357
,5350
,5345
,5341
,534
,5290
,5286
,5284
,5283
,5281
,5276
,5268
,5261
,5256
,5255
,5246
,5245
,5243
,5242
,5238
,5234
,52
,5177
,5176
,5171
,5160
,5149
,5141
,5139
,5135
,5130
,5129
,5124
,5121
,5118
,5115
,5113
,5112
,5111
,5110
,5109
,5108
,5107
,5106
,5104
,5103
,5102
,5101
,5098
,5095
,5092
,5090
,5088
,5087
,5084
,5083
,5080
,5078
,5077
,5076
,5075
,5074
,5067
,5063
,5060
,5059
,5058
,5053
,5051
,5046
,5045
,5039
,5038
,5033
,5023
,5019
,5016
,5
,4973
,4971
,4970
,4968
,4967
,4965
,4964
,4963
,4962
,4961
,4959
,4957
,4943
,4940
,4930
,4927
,4926
,4923
,4921
,4917
,4915
,4912
,4910
,4907
,4906
,4902
,489
,4864
,4859
,4856
,485
,4843
,4836
,4831
,4817
,4814
,4813
,4812
,4810
,4807
,4806
,4805
,4800
,480
,48
,4799
,4798
,4795
,4779
,4775
,4764
,4763
,4760
,4741
,4734
,4724
,4720
,4718
,4717
,4715
,4712
,4704
,4703
,4698
,4689
,4682
,4681
,4677
,4676
,4671
,4670
,4640
,4638
,4612
,4609
,4608
,4605
,4604
,4601
,4599
,4598
,4597
,4595
,4590
,4589
,4586
,4585
,4581
,4580
,4577
,4576
,4574
,4573
,4572
,4571
,4569
,4567
,4566
,4564
,4563
,4517
,4516
,4514
,4510
,4508
,4504
,4501
,4495
,4493
,4489
,4486
,4485
,4480
,4468
,4460
,4455
,4454
,4450
,4442
,4440
,4439
,4434
,4433
,4431
,4429
,4427
,4425
,4422
,4410
,4404
,4399
,4396
,4392
,4386
,4385
,4380
,4379
,4359
,43512
,43510
,4346
,4345
,4344
,4343
,4342
,4341
,4340
,434
,4339
,4338
,4334
,4333
,4327
,4325
,4323
,43221
,43220
,4320
,4318
,4315
,4314
,4311
,4309
,4308
,4307
,4306
,4304
,4303
,4302
,4298
,429
,426
,4253
,4250
,4249
,4248
,4246
,4234
,4231
,4229
,4222
,4218
,4216
,4209
,4208
,4207
,4190
,4187
,4184
,4179
,4177
,4167
,4158
,4143
,4137
,41
,402
,4016
,4013
,400360
,400359
,400279
,399296
,398991
,398982
,396505
,396473
,396471
,396434
,396429
,396193
,396183
,396182
,395965
,395874
,3958
,395794
,395359
,395357
,395294
,395293
,395291
,395286
,395285
,3945
,394
,393980
,393966
,393965
,393964
,393914
,393913
,393912
,393911
,393890
,393884
,393881
,393649
,393648
,393647
,393645
,393643
,393629
,393627
,393626
,393625
,393624
,393623
,393622
,393621
,393620
,3936
,393538
,393536
,393535
,393534
,393516
,393514
,393450
,393441
,393438
,393429
,393407
,393406
,393405
,393404
,393279
,393278
,393176
,393175
,393174
,393173
,393172
,393171
,393169
,393167
,393166
,393164
,393163
,393158
,393157
,393076
,393075
,393071
,393070
,393069
,393068
,393062
,393060
,393039
,393036
,393034
,392975
,392959
,392957
,392953
,392951
,392949
,392948
,392947
,392946
,392944
,392860
,392859
,392856
,392854
,392850
,392825
,392823
,392822
,392821
,392780
,392776
,392659
,392657
,392650
,392648
,392646
,392634
,392633
,392629
,392474
,392472
,392471
,392451
,392450
,392391
,392390
,392345
,392344
,392343
,392342
,392341
,392340
,392336
,392335
,392314
,392311
,392310
,391687
,391685
,391683
,391682
,391681
,391680
,391673
,391672
,391671
,391669
,391661
,391660
,391554
,391553
,391548
,391547
,391546
,391545
,391544
,391462
,391461
,391234
,391232
,391231
,391230
,391228
,391227
,391226
,391224
,391220
,391219
,391218
,391217
,391214
,391213
,391212
,391210
,391208
,391195
,391193
,391192
,391124
,391123
,391122
,391121
,391119
,391115
,391031
,391030
,391029
,391028
,390955
,390953
,390950
,390949
,390948
,390947
,390946
,390944
,3908
,390795
,390791
,390783
,390782
,390781
,390779
,390777
,390776
,390702
,390688
,390687
,390686
,390442
,390440
,390434
,390432
,390430
,3904
,390388
,390387
,390386
,390385
,390288
,390274
,390265
,390230
,390182
,390179
,390178
,390175
,390173
,390171
,390130
,390127
,390123
,390122
,390058
,390057
,390056
,390055
,390054
,390053
,390051
,390002
,389
,385377
,385372
,385371
,385369
,385368
,385366
,385365
,385364
,3853
,385293
,385291
,385290
,385289
,385287
,385286
,385285
,385282
,385212
,385211
,385177
,385151
,385150
,385050
,385042
,385005
,385004
,384999
,384993
,384954
,384953
,384952
,384951
,384949
,384948
,384947
,384946
,384943
,384942
,384941
,384937
,384936
,384935
,384934
,384932
,384925
,384924
,384923
,384922
,384921
,384920
,384917
,384915
,384914
,384913
,384868
,384866
,384865
,384863
,384860
,384799
,384798
,384720
,384719
,384718
,384717
,384709
,384708
,384674
,384673
,384672
,384671
,3846
,384573
,384572
,384571
,384570
,384569
,384568
,384567
,384558
,384557
,384537
,384536
,384535
,384530
,384529
,384526
,384525
,384523
,384522
,3845
,3844
,3843
,3840
,3839
,3838
,3835
,383090
,383078
,383075
,383072
,383071
,383070
,383067
,383065
,383064
,383063
,383053
,382951
,382948
,382934
,382898
,382897
,382896
,382895
,382892
,382891
,382890
,382886
,382883
,382881
,382880
,382877
,382876
,382864
,382858
,382857
,382855
,382854
,382851
,382758
,382607
,382606
,382601
,382599
,382598
,382589
,382588
,382587
,382586
,382585
,382582
,382581
,382571
,382555
,382554
,382553
,382552
,382550
,382549
,382547
,382543
,382540
,382514
,382512
,382511
,382509
,382508
,382507
,382506
,382496
,382483
,382482
,382478
,382477
,382476
,382475
,382474
,382473
,382472
,382471
,382470
,382468
,382467
,382466
,382465
,382464
,382462
,382461
,382460
,382459
,382458
,382457
,382455
,382454
,382453
,382402
,382401
,382400
,382399
,382397
,382396
,382395
,382394
,382362
,382359
,382323
,382318
,382317
,382316
,382315
,382249
,382247
,382243
,382242
,382241
,382240
,382239
,382238
,382235
,382228
,382227
,382226
,382222
,382221
,382185
,382184
,382147
,382146
,382145
,382144
,382143
,382140
,382138
,382130
,382129
,382128
,382127
,382126
,382125
,382114
,382112
,382111
,382108
,382106
,382105
,382104
,382103
,382100
,3821
,382099
,382098
,382018
,382016
,382012
,382010
,382007
,382006
,3819
,381849
,381847
,381846
,381845
,381844
,381842
,381829
,381828
,381824
,381823
,381819
,381818
,381817
,381816
,3818
,381707
,381706
,381705
,381702
,381699
,381698
,381696
,381694
,381693
,381692
,381691
,381690
,381689
,381688
,381687
,381686
,381685
,381684
,381683
,381682
,381681
,381409
,381408
,381406
,381404
,381391
,381390
,381389
,381380
,381379
,381377
,381376
,381374
,381373
,3808
,3805
,3804
,3800
,379410
,379388
,379385
,379384
,379377
,379376
,379375
,379374
,379373
,379372
,379350
,379349
,379348
,379347
,379346
,379257
,379255
,379246
,379245
,379244
,379235
,379233
,379232
,379231
,379230
,379226
,379225
,379224
,379221
,379132
,379130
,379129
,379128
,379127
,379126
,379124
,379119
,379118
,379117
,379116
,379115
,379114
,379101
,379100
,379099
,379092
,379090
,379088
,379087
,379086
,379085
,379077
,379017
,379016
,379015
,379014
,379013
,379012
,379005
,379004
,379003
,379001
,378992
,378977
,378970
,378969
,378966
,378965
,378958
,378956
,378955
,378954
,378897
,378895
,378894
,378893
,378892
,378891
,378890
,378889
,378888
,378887
,378886
,378882
,378881
,378880
,378879
,378878
,378877
,378876
,378875
,378874
,378873
,378872
,378871
,378870
,378850
,378849
,378848
,378847
,378834
,378833
,378832
,378831
,378828
,378827
,378825
,378821
,378817
,378815
,378813
,378811
,378810
,378806
,378805
,378804
,378803
,378802
,378798
,378790
,378789
,378788
,378787
,378785
,378779
,378778
,378775
,378772
,378771
,378770
,378768
,378660
,378651
,378649
,378648
,378645
,378638
,378637
,378635
,378634
,378633
,378483
,378482
,378481
,378422
,378421
,378419
,378418
,378416
,378413
,378156
,378153
,378150
,378149
,378148
,378146
,378145
,378142
,378140
,378136
,378134
,378132
,378131
,378130
,378128
,378127
,378126
,378123
,377969
,377968
,377967
,377966
,377965
,377964
,377956
,377954
,377946
,377943
,377941
,377826
,377825
,377823
,377822
,377820
,377818
,377606
,377602
,377597
,377596
,377583
,377581
,377580
,377579
,3775
,377468
,3766
,3762
,3761
,3758
,3757
,3754
,3753
,3751
,374679
,374678
,374676
,374673
,374672
,374671
,374648
,374647
,374646
,374645
,374644
,374643
,374642
,374641
,374567
,374566
,374563
,374562
,374561
,374560
,374559
,374558
,374557
,374518
,374517
,374513
,374505
,374504
,374503
,374502
,374501
,374500
,374499
,374498
,374497
,374495
,374412
,374411
,374409
,374407
,374397
,374396
,374395
,374394
,374387
,374322
,374321
,3743
,374255
,374254
,374253
,374179
,374118
,374115
,373995
,373994
,373989
,373925
,373810
,373737
,373736
,373734
,373719
,373717
,373716
,373714
,373713
,373711
,373708
,373707
,3737
,373696
,373692
,373682
,373681
,373677
,373676
,373675
,373674
,373672
,373669
,373668
,373667
,373666
,373549
,373548
,373547
,373546
,373545
,373543
,373542
,373541
,373539
,373522
,373521
,373520
,373517
,373516
,373510
,373509
,373508
,373507
,373423
,373421
,373363
,373360
,373359
,373357
,373356
,373355
,373354
,373353
,373352
,373351
,373350
,373349
,373346
,373345
,373344
,373343
,373341
,373339
,373338
,373337
,373334
,373330
,373329
,3733
,3732
,3730
,3724
,372339
,372338
,372335
,372332
,372327
,372326
,372325
,372324
,372323
,372289
,372288
,372287
,372274
,372269
,372267
,372251
,372250
,371655
,371653
,371652
,371648
,371647
,371646
,371645
,371644
,371642
,371641
,371640
,371635
,371634
,371633
,371629
,371628
,371627
,371626
,371625
,371624
,371623
,371622
,371621
,371620
,371619
,371618
,371614
,371613
,371612
,371611
,371609
,371607
,371606
,371605
,371604
,3716
,371584
,371583
,371582
,371581
,371577
,371575
,371573
,371572
,371571
,371570
,371569
,371568
,371567
,371566
,371565
,371563
,371562
,371561
,371560
,371364
,371363
,371362
,371361
,371351
,371350
,371300
,371298
,371297
,371293
,371291
,371290
,371289
,371287
,371286
,371283
,371282
,371281
,371280
,371249
,371248
,371233
,371228
,371102
,371084
,371083
,371082
,371072
,371071
,371069
,371068
,371067
,371066
,371065
,371064
,371063
,371062
,371061
,371060
,371051
,371046
,371042
,371041
,371039
,371038
,371037
,371036
,371035
,371034
,371033
,371032
,371031
,371030
,371029
,371028
,371021
,371020
,371019
,371018
,371017
,371007
,371006
,371005
,371004
,371002
,371001
,371000
,370992
,370987
,370963
,370959
,370953
,370948
,370942
,370941
,370928
,370927
,370924
,370923
,370922
,370921
,370919
,370918
,370707
,370591
,370590
,370589
,370588
,370506
,370504
,370503
,370502
,370501
,370500
,370440
,370437
,370436
,370434
,370432
,370430
,370429
,370428
,370426
,370425
,370420
,370419
,3700
,3698
,3692
,3672
,3671
,3667
,366154
,366148
,366147
,366146
,366145
,366144
,366108
,366107
,366105
,366104
,366103
,366097
,366094
,366076
,366075
,366074
,366073
,366063
,366059
,365960
,365959
,365958
,365957
,365953
,365952
,365951
,365948
,365947
,365946
,365945
,365944
,365943
,365942
,365941
,365940
,365939
,365938
,365577
,365576
,365574
,365572
,365571
,365570
,365569
,365566
,365565
,365562
,364601
,364600
,364599
,364598
,364560
,364559
,364558
,364443
,364433
,364413
,364412
,364410
,364408
,364406
,364404
,364402
,364401
,364393
,364392
,364391
,364389
,364313
,364296
,364288
,364287
,364284
,364277
,364276
,364275
,364274
,364232
,364231
,364230
,364229
,364228
,364221
,364220
,364219
,364218
,364217
,364216
,364215
,364198
,364197
,364196
,364195
,364194
,364193
,364192
,364191
,364190
,364189
,364188
,364129
,364126
,364120
,364115
,364111
,364097
,364095
,364085
,364084
,364075
,364046
,364045
,364044
,364043
,364042
,364041
,364040
,364039
,364038
,364037
,364036
,364035
,364034
,364033
,364032
,364031
,364030
,364029
,364028
,364027
,364026
,364025
,364021
,364020
,364019
,364018
,364013
,364005
,364002
,3638
,3633
,3632
,363077
,363075
,363052
,362972
,3622
,360980
,360972
,360971
,360967
,360966
,360965
,360948
,360944
,360943
,360942
,360941
,360939
,360938
,360935
,360833
,3605
,360391
,360359
,360357
,360307
,360306
,360143
,360141
,360140
,360139
,360138
,360135
,360129
,360126
,360119
,360112
,360110
,3601
,3599
,3597
,3595
,3593
,3592
,359118
,359117
,359116
,358887
,358886
,358880
,358879
,358877
,358875
,358874
,358873
,358872
,358871
,358870
,358869
,358868
,358867
,358866
,358855
,358854
,358853
,358852
,358851
,358850
,358846
,358845
,358844
,358843
,358842
,358841
,358840
,358835
,358834
,358831
,358795
,358790
,358784
,358781
,358780
,358779
,358778
,358776
,358773
,358772
,358712
,358708
,358705
,358704
,358703
,358701
,358652
,358649
,358636
,358633
,358626
,358624
,358622
,358620
,358609
,358606
,358604
,358601
,358599
,358494
,358486
,358485
,358483
,358422
,358421
,358420
,358417
,358416
,358407
,358351
,358350
,358349
,358345
,358338
,358336
,358335
,358322
,358321
,358257
,358255
,358248
,358246
,358244
,358182
,358017
,358016
,358008
,358006
,357995
,357994
,357979
,357972
,357971
,357968
,3573
,3566
,3545
,3540
,3538
,353564
,353551
,353545
,353529
,353524
,353476
,353474
,353471
,353470
,353469
,353468
,353465
,353459
,353458
,353455
,353454
,353451
,353048
,353047
,353041
,353037
,353014
,353011
,353010
,353009
,353007
,353006
,353004
,353002
,353001
,353000
,352999
,352990
,352983
,352979
,352975
,352970
,352961
,352958
,352957
,352955
,352951
,352949
,352944
,352942
,352931
,352927
,352899
,352897
,352891
,352883
,352881
,352879
,352872
,352871
,352869
,352868
,352867
,352866
,352862
,352857
,352853
,352849
,352841
,352839
,352837
,352834
,352833
,352818
,352817
,352816
,352815
,352813
,352805
,352804
,352802
,352799
,352794
,352793
,352789
,352786
,352785
,352783
,352779
,352778
,352777
,352775
,352774
,352773
,352771
,352764
,352763
,352754
,352751
,352748
,352747
,352733
,352731
,352727
,352722
,352718
,352717
,352716
,352715
,352711
,352707
,352679
,352678
,352677
,352674
,352668
,352659
,352655
,352651
,352649
,352643
,352639
,352631
,352618
,352617
,352616
,352614
,352611
,352610
,352609
,352600
,352594
,352593
,352592
,352591
,352581
,352579
,352574
,352563
,352560
,352559
,352557
,352556
,352555
,352554
,352546
,352540
,352539
,352537
,352536
,352535
,352533
,352532
,352527
,352526
,352525
,352524
,352523
,352522
,352521
,352520
,352517
,352513
,352507
,3525
,352465
,352464
,352463
,352449
,352448
,352447
,352429
,352425
,352424
,352423
,3520
,3515
,3514
,351359
,3512
,3511
,3509
,3506
,3505
,3504
,3503
,3502
,3501
,3500
,349715
,349702
,349701
,349697
,349694
,349690
,349689
,349688
,349661
,349647
,349576
,349575
,349571
,349565
,349564
,349563
,349560
,3495
,349142
,349141
,349140
,349139
,349138
,349137
,349136
,349135
,348964
,348841
,348840
,348839
,348836
,348833
,348832
,348830
,348827
,348826
,348825
,348822
,348820
,348819
,348803
,348802
,348739
,348730
,348721
,348716
,348712
,348705
,348704
,348702
,348698
,348697
,348576
,348575
,348574
,348573
,348572
,348571
,348570
,348569
,348494
,348490
,348477
,348476
,348475
,348474
,348470
,348341
,348340
,348338
,348326
,3483
,348252
,348251
,348250
,348249
,348240
,348239
,348238
,348215
,348212
,348206
,348205
,348204
,348203
,348176
,348168
,348167
,348164
,348111
,348110
,348109
,348100
,348098
,347819
,347818
,347817
,347816
,347815
,347813
,347812
,347811
,3478
,347784
,347592
,347591
,347590
,347580
,347578
,347577
,347576
,347575
,347574
,347573
,347572
,347571
,347555
,347554
,347553
,347501
,3475
,347388
,347317
,347226
,347225
,347224
,347223
,347222
,347167
,347138
,3470
,3469
,3467
,3466
,3463
,3462
,3461
,346
,3453
,3452
,3434
,3432
,3431
,3427
,3424
,3421
,3420
,3419
,3418
,3415
,3413
,3412
,3410
,3407
,3402
,340
,3399
,3393
,3385
,3374
,3372
,3367
,3360
,336
,3353
,3350
,3321
,3316
,3310
,3302
,3300
,3297
,3264
,3262
,3261
,3260
,3259
,3256
,3255
,3254
,3250
,3216
,3211
,3210
,3207
,3204
,3193
,3189
,3172
,3167
,3158
,3157
,3155
,3154
,3153
,3150
,3149
,3148
,3147
,3146
,3144
,3143
,3141
,3139
,3138
,3136
,3135
,3128
,3104
,3094
,3093
,3087
,3085
,3072
,3069
,3064
,3051
,3049
,3048
,3047
,3046
,3045
,3044
,3041
,304
,3038
,3028
,3022
,3021
,3017
,3012
,3000
,2999
,2992
,2988
,2983
,2965
,2958
,2937
,2929
,2928
,2927
,2925
,2924
,2923
,2921
,2919
,2918
,2917
,2916
,2912
,2909
,2908
,2907
,2904
,2902
,2901
,2900
,2898
,2896
,2895
,2894
,2893
,2892
,2890
,2887
,2886
,2884
,2881
,2880
,2876
,2874
,2872
,287
,2867
,2862
,2861
,2859
,2849
,2831
,2827
,2823
,2821
,2813
,2811
,2810
,2809
,2808
,2805
,2804
,2803
,2800
,2799
,2797
,2794
,2790
,2783
,2781
,2780
,2779
,2777
,2774
,2773
,2766
,2765
,2762
,2760
,2756
,2754
,2753
,2752
,2749
,2745
,2743
,2741
,2731
,2729
,2726
,2720
,2717
,2714
,2710
,2707
,2705
,2704
,2701
,27
,2696
,2695
,2693
,2692
,2691
,2690
,2689
,2687
,2685
,2684
,2674
,2672
,267024
,267023
,267022
,267021
,267020
,267019
,267
,2668
,2667
,2666
,2665
,2659
,2658
,2657
,2653
,2652
,2650
,2649
,2648
,2647
,2646
,2644
,264360
,264358
,264349
,264332
,264331
,264330
,264329
,264328
,264323
,264322
,264321
,264320
,2642
,264114
,264113
,264111
,264110
,264109
,264108
,264107
,264093
,264092
,264091
,264
,2639
,263876
,263875
,263874
,263866
,263861
,263860
,263859
,263858
,263857
,263856
,263855
,263854
,2638
,263741
,263739
,263733
,263729
,263725
,263722
,263720
,263718
,263711
,263710
,263708
,263706
,263704
,263702
,263700
,263690
,263688
,263687
,263685
,263681
,263678
,263676
,263673
,263662
,263660
,263652
,263630
,263616
,263615
,263614
,261961
,261952
,261951
,261948
,261947
,261943
,261940
,261939
,261938
,261937
,261936
,261935
,261934
,261933
,261931
,261929
,261928
,261926
,261892
,261891
,261888
,261672
,261671
,261670
,261669
,261668
,261667
,261666
,261665
,261663
,261662
,261642
,261641
,261615
,261614
,261612
,261598
,261597
,261596
,261595
,261594
,261586
,261585
,261584
,261572
,261567
,261565
,261564
,261563
,261560
,261557
,261555
,261554
,261553
,261549
,261496
,261495
,261494
,261459
,261
,260989
,260984
,260982
,260954
,260953
,260951
,260944
,260943
,260936
,260935
,260932
,260931
,260885
,260884
,260877
,260874
,2596
,2595
,2593
,2589
,2585
,2581
,258
,2579
,2577
,2570
,2567
,2565
,2563
,256156
,256100
,256099
,256096
,256095
,256093
,256092
,256086
,2559
,2555
,2550
,2540
,2534
,2530
,253
,2528
,2527
,252695
,252694
,252692
,252686
,252685
,252684
,252681
,252680
,252679
,252674
,252673
,252672
,252671
,252670
,252664
,252659
,252658
,252655
,252654
,252653
,252651
,252649
,252648
,252647
,252646
,252645
,252644
,252643
,252640
,252638
,252637
,252636
,252607
,252606
,252605
,252600
,252599
,252598
,252597
,252596
,252595
,252383
,252382
,252374
,252371
,252370
,252369
,252344
,252337
,2521
,2520
,251705
,251700
,2517
,251695
,251694
,251601
,251582
,251581
,251580
,251579
,251578
,251577
,251576
,251571
,2514
,2506
,249078
,249073
,249055
,249052
,249050
,248492
,248479
,248478
,248475
,248472
,248471
,248469
,248467
,248464
,248374
,248373
,248371
,2483
,247958
,247950
,246796
,246790
,246363
,246359
,246354
,246353
,246352
,246334
,246333
,246326
,246323
,242
,2415
,2407
,2400
,24
,237153
,237151
,237144
,237139
,237138
,237134
,237131
,237130
,237129
,237126
,237125
,237124
,237123
,237120
,237115
,236817
,236816
,236815
,236804
,236803
,236793
,2367
,2366
,230106
,230102
,230077
,230076
,230074
,230073
,230072
,230070
,23
,2299
,2291
,2290
,227491
,227490
,227470
,227468
,227467
,227465
,227464
,227457
,227456
,227222
,227213
,227207
,227206
,227205
,227197
,227195
,227193
,227192
,227191
,227170
,227169
,227140
,227137
,227133
,227128
,227124
,227119
,227108
,227097
,227096
,227094
,227092
,227091
,227090
,227089
,227087
,227072
,227069
,227067
,227066
,227057
,227023
,227020
,226986
,226985
,226976
,226975
,226974
,226947
,226931
,226929
,226918
,226915
,226914
,226912
,226901
,226895
,226889
,226887
,226881
,226880
,226879
,226878
,226877
,226876
,226875
,226866
,226865
,226859
,226857
,226856
,226855
,226854
,226853
,226852
,226851
,226850
,226849
,226841
,226839
,226838
,226836
,226835
,226833
,226793
,226792
,226784
,226783
,226782
,226775
,226770
,226769
,226768
,226767
,226766
,226765
,226763
,226762
,226761
,226734
,226733
,226728
,226727
,226716
,226714
,226713
,226712
,226711
,226710
,226709
,226706
,226700
,226697
,226696
,226686
,226683
,226682
,226681
,226680
,226679
,226677
,226663
,226662
,226659
,226658
,226656
,226653
,226650
,226649
,226648
,226647
,226646
,226645
,226644
,226640
,226622
,226621
,226615
,226585
,226581
,226576
,226572
,226520
,226518
,226517
,226516
,226514
,226511
,226416
,226392
,226390
,226386
,226381
,226370
,226368
,226367
,226365
,226361
,226348
,226347
,226336
,226333
,226332
,226331
,226330
,226327
,226325
,226324
,226315
,226314
,226308
,226302
,226300
,226278
,226274
,226273
,226272
,226271
,226269
,226265
,226264
,226261
,226259
,226255
,226241
,2247
,223938
,223934
,223933
,223932
,223931
,223930
,223929
,223913
,2236
,2207
,219
,217
,216
,214
,2139
,213
,210
,209
,20807
,2080
,208
,2078
,20753
,20752
,2072
,2063
,206
,205
,2042
,2037
,2036
,2034
,2031
,203
,2028
,2027
,2026
,2024
,2023
,2019
,2017
,20125
,2003
,200
,20
,1999
,1996
,1991
,1988
,1987
,1986
,1981
,198
,1979
,197844
,197834
,197826
,197824
,197820
,197819
,197807
,197804
,197798
,197797
,197765
,197763
,197762
,197755
,197741
,197735
,197733
,197728
,197727
,197726
,197725
,197724
,197723
,197722
,197718
,197700
,1977
,197699
,197698
,197696
,197695
,197694
,197693
,197692
,197687
,197658
,197655
,1976
,197584
,197580
,197579
,197577
,197574
,197572
,197570
,197568
,197567
,197566
,197565
,197556
,197555
,197553
,197549
,197532
,197531
,197528
,197527
,197525
,197523
,197521
,197520
,197519
,197518
,197517
,197516
,197515
,197506
,197505
,197500
,197498
,197496
,197495
,197493
,197491
,197488
,197486
,197485
,197484
,197480
,197479
,197478
,197477
,197476
,197474
,197433
,197431
,197430
,197429
,197428
,197427
,197422
,197420
,197419
,197416
,197414
,197411
,197410
,197403
,197402
,197400
,197399
,197398
,197397
,197396
,197395
,197394
,197392
,197390
,197389
,197366
,197365
,197358
,197357
,197349
,197348
,197347
,197346
,197345
,197336
,197334
,197328
,197326
,197318
,197317
,197315
,197314
,197313
,197312
,197311
,197310
,197306
,197305
,197303
,197301
,197291
,197288
,197286
,197285
,197284
,197283
,197279
,197278
,197277
,197276
,197275
,197273
,197272
,197269
,197252
,197251
,197246
,197211
,197209
,197206
,197204
,197154
,197153
,197152
,197150
,197148
,197145
,197048
,197003
,196986
,196984
,196974
,196971
,196968
,196967
,196966
,196962
,196961
,196958
,196952
,196943
,196939
,196938
,196936
,196935
,196913
,196912
,196911
,196909
,196903
,196900
,196898
,196882
,196879
,1954
,1946
,1944
,1942
,194
,1939
,1938
,1926
,1922
,1919
,1907
,1906
,1900
,1896
,1895
,1892
,1890
,1889
,1888
,1885
,1879
,1876
,1875
,1869
,1852
,1846
,1844
,1839
,1835
,1831
,1830
,183
,1818
,1797
,1796
,1795
,1792
,1791
,1790
,1789
,1788
,1787
,1786
,1785
,1784
,1783
,1782
,1780
,1776
,1774
,1770
,1766
,176
,1754
,175
,1733
,1725
,1722
,1720
,1715
,1708
,1696
,1694
,1690
,1688
,1685
,1677
,1675
,1669
,166863
,166862
,166861
,166860
,166859
,166850
,166849
,166848
,166846
,166834
,1661
,1658
,1654
,1648
,1644
,164
,1639
,1634
,1633
,1631
,1630
,1624
,1621
,1620
,162
,1616
,1614
,1607
,16
,1581
,1579
,1567
,1565
,1560
,1556
,1551
,155
,1548
,1539
,1536
,153594
,153593
,1533
,150
,15
,1484
,1480
,1479
,1473
,1469
,1413
,1405
,1404
,1396
,1392
,139
,138
,137
,1358
,1356
,1351
,1350
,135
,1347
,1343
,1342
,1341
,1340
,134
,1338
,1337
,1336
,1332
,1330
,133
,1323
,1311
,1310
,131
,1305
,130
,13
,1281
,128
,1279
,1278
,1276
,1275
,1274
,1272
,1270
,127
,1268
,1267
,1264
,1263
,1262
,1261
,1260
,1258
,1257
,1256
,1253
,1251
,1250
,1249
,1243
,1241
,1232
,123
,1223
,1220
,122
,1219
,1218
,1213
,121
,1205
,1201
,1199
,1195
,119
,1188
,1183
,1180
,1178
,117
,1169
,1168
,1166
,1164
,1163
,1162
,1160
,1159
,1158
,1157
,1155
,1154
,1135
,1132
,1120
,1119
,1116
,1113
,1112
,1111
,1110
,1108
,1107
,1106
,1104
,1102
,1100
,1098
,1096
,1095
,1094
,1092
,1091
,1090
,1089
,1082
,1080
,1075
,1074
,1070
,1067
,1065
,1063
,104
,1005
,1002
,1
